2
4
6
8
10
12
14
16
18
20
1       2 2       4 3       6 4       8 5       10 6       12 7       14 8       16 9       18 10       20 03/28/2022 16:12:06
1       2 2       4 3       6 4       8 5       10 6       12 7       14 8       16 9       18 10       20 11       1       2 2       4 3       6 4       8 5       10 6       12 7       14 8       16 9       18 10       20 03/28/2022 16:12:06 03/28/2022 16:12:06
1       2 2       4 3       6 4       8 5       10 6       12 7       14 8       16 9       18 10       20 11       1       2 2       4 3       6 4       8 5       10 6       12 7       14 8       16 9       18 10       20 03/28/2022 16:12:06 12       1       2 2       4 3       6 4       8 5       10 6       12 7       14 8       16 9       18 10       20 11       1       2 2       4 3       6 4       8 5       10 6       12 7       14 8       16 9       18 10       20 03/28/2022 16:12:06 03/28/2022 16:12:06 03/28/2022 16:12:07
1       2 2       4 3       6 4       8 5       10 6       12 7       14 8       16 9       18 10       20 11       1       2 2       4 3       6 4       8 5       10 6       12 7       14 8       16 9       18 10       20 03/28/2022 16:12:06 12       1       2 2       4 3       6 4       8 5       10 6       12 7       14 8       16 9       18 10       20 11       1       2 2       4 3       6 4       8 5       10 6       12 7       14 8       16 9       18 10       20 03/28/2022 16:12:06 03/28/2022 16:12:06 13       1       2 2       4 3       6 4       8 5       10 6       12 7       14 8       16 9       18 10       20 11       1       2 2       4 3       6 4       8 5       10 6       12 7       14 8       16 9       18 10       20 03/28/2022 16:12:06 12       1       2 2       4 3       6 4       8 5       10 6       12 7       14 8       16 9       18 10       20 11       1       2 2       4 3       6 4       8 5       10 6       12 7       14 8       16 9       18 10       20 03/28/2022 16:12:06 03/28/2022 16:12:06 03/28/2022 16:12:07 03/28/2022 16:12:07
1       2 2       4 3       6 4       8 5       10 6       12 7       14 8       16 9       18 10       20 11       1       2 2       4 3       6 4       8 5       10 6       12 7       14 8       16 9       18 10       20 03/28/2022 16:12:06 12       1       2 2       4 3       6 4       8 5       10 6       12 7       14 8       16 9       18 10       20 11       1       2 2       4 3       6 4       8 5       10 6       12 7       14 8       16 9       18 10       20 03/28/2022 16:12:06 03/28/2022 16:12:06 13       1       2 2       4 3       6 4       8 5       10 6       12 7       14 8       16 9       18 10       20 11       1       2 2       4 3       6 4       8 5       10 6       12 7       14 8       16 9       18 10       20 03/28/2022 16:12:06 12       1       2 2       4 3       6 4       8 5       10 6       12 7       14 8       16 9       18 10       20 11       1       2 2       4 3       6 4       8 5       10 6       12 7       14 8       16 9       18 10       20 03/28/2022 16:12:06 03/28/2022 16:12:06 03/28/2022 16:12:07 14       1       2 2       4 3       6 4       8 5       10 6       12 7       14 8       16 9       18 10       20 11       1       2 2       4 3       6 4       8 5       10 6       12 7       14 8       16 9       18 10       20 03/28/2022 16:12:06 12       1       2 2       4 3       6 4       8 5       10 6       12 7       14 8       16 9       18 10       20 11       1       2 2       4 3       6 4       8 5       10 6       12 7       14 8       16 9       18 10       20 03/28/2022 16:12:06 03/28/2022 16:12:06 13       1       2 2       4 3       6 4       8 5       10 6       12 7       14 8       16 9       18 10       20 11       1       2 2       4 3       6 4       8 5       10 6       12 7       14 8       16 9       18 10       20 03/28/2022 16:12:06 12       1       2 2       4 3       6 4       8 5       10 6       12 7       14 8       16 9       18 10       20 11       1       2 2       4 3       6 4       8 5       10 6       12 7       14 8       16 9       18 10       20 03/28/2022 16:12:06 03/28/2022 16:12:06 03/28/2022 16:12:07 03/28/2022 16:12:07 03/28/2022 16:12:07
1       2 2       4 3       6 4       8 5       10 6       12 7       14 8       16 9       18 10       20 11       1       2 2       4 3       6 4       8 5       10 6       12 7       14 8       16 9       18 10       20 03/28/2022 16:12:06 12       1       2 2       4 3       6 4       8 5       10 6       12 7       14 8       16 9       18 10       20 11       1       2 2       4 3       6 4       8 5       10 6       12 7       14 8       16 9       18 10       20 03/28/2022 16:12:06 03/28/2022 16:12:06 13       1       2 2       4 3       6 4       8 5       10 6       12 7       14 8       16 9       18 10       20 11       1       2 2       4 3       6 4       8 5       10 6       12 7       14 8       16 9       18 10       20 03/28/2022 16:12:06 12       1       2 2       4 3       6 4       8 5       10 6       12 7       14 8       16 9       18 10       20 11       1       2 2       4 3       6 4       8 5       10 6       12 7       14 8       16 9       18 10       20 03/28/2022 16:12:06 03/28/2022 16:12:06 03/28/2022 16:12:07 14       1       2 2       4 3       6 4       8 5       10 6       12 7       14 8       16 9       18 10       20 11       1       2 2       4 3       6 4       8 5       10 6       12 7       14 8       16 9       18 10       20 03/28/2022 16:12:06 12       1       2 2       4 3       6 4       8 5       10 6       12 7       14 8       16 9       18 10       20 11       1       2 2       4 3       6 4       8 5       10 6       12 7       14 8       16 9       18 10       20 03/28/2022 16:12:06 03/28/2022 16:12:06 13       1       2 2       4 3       6 4       8 5       10 6       12 7       14 8       16 9       18 10       20 11       1       2 2       4 3       6 4       8 5       10 6       12 7       14 8       16 9       18 10       20 03/28/2022 16:12:06 12       1       2 2       4 3       6 4       8 5       10 6       12 7       14 8       16 9       18 10       20 11       1       2 2       4 3       6 4       8 5       10 6       12 7       14 8       16 9       18 10       20 03/28/2022 16:12:06 03/28/2022 16:12:06 03/28/2022 16:12:07 03/28/2022 16:12:07 15       1       2 2       4 3       6 4       8 5       10 6       12 7       14 8       16 9       18 10       20 11       1       2 2       4 3       6 4       8 5       10 6       12 7       14 8       16 9       18 10       20 03/28/2022 16:12:06 12       1       2 2       4 3       6 4       8 5       10 6       12 7       14 8       16 9       18 10       20 11       1       2 2       4 3       6 4       8 5       10 6       12 7       14 8       16 9       18 10       20 03/28/2022 16:12:06 03/28/2022 16:12:06 13       1       2 2       4 3       6 4       8 5       10 6       12 7       14 8       16 9       18 10       20 11       1       2 2       4 3       6 4       8 5       10 6       12 7       14 8       16 9       18 10       20 03/28/2022 16:12:06 12       1       2 2       4 3       6 4       8 5       10 6       12 7       14 8       16 9       18 10       20 11       1       2 2       4 3       6 4       8 5       10 6       12 7       14 8       16 9       18 10       20 03/28/2022 16:12:06 03/28/2022 16:12:06 03/28/2022 16:12:07 14       1       2 2       4 3       6 4       8 5       10 6       12 7       14 8       16 9       18 10       20 11       1       2 2       4 3       6 4       8 5       10 6       12 7       14 8       16 9       18 10       20 03/28/2022 16:12:06 12       1       2 2       4 3       6 4       8 5       10 6       12 7       14 8       16 9       18 10       20 11       1       2 2       4 3       6 4       8 5       10 6       12 7       14 8       16 9       18 10       20 03/28/2022 16:12:06 03/28/2022 16:12:06 13       1       2 2       4 3       6 4       8 5       10 6       12 7       14 8       16 9       18 10       20 11       1       2 2       4 3       6 4       8 5       10 6       12 7       14 8       16 9       18 10       20 03/28/2022 16:12:06 12       1       2 2       4 3       6 4       8 5       10 6       12 7       14 8       16 9       18 10       20 11       1       2 2       4 3       6 4       8 5       10 6       12 7       14 8       16 9       18 10       20 03/28/2022 16:12:06 03/28/2022 16:12:06 03/28/2022 16:12:07 03/28/2022 16:12:07 03/28/2022 16:12:07 03/28/2022 16:12:08
